Final Metrics across all sequences:
epe3d_allo_image_all: 0.7009986967891455
epe3d_allo_pixel_all: 0.7009986957933265
epe3d_sf_allo_image_all: 0.05622144879004918
epe3d_sf_allo_pixel_all: 0.05622144880724587
num_valid_pixels: 41650.0
delta_0.05: 0.3627440925217878
delta_0.1: 0.595248540461355
delta_0.2: 0.8045924212943809
delta_0.4: 0.8098316105485204
outlier_0.15: 0.2502494872006119
