Final Metrics across all sequences:
epe3d_allo_image_all: 0.2505971549898386
epe3d_allo_pixel_all: 0.2557113815822612
epe3d_sf_allo_image_all: 0.20241160956025123
epe3d_sf_allo_pixel_all: 0.20654245860935
num_valid_pixels: 36554.0
delta_0.05: 0.37335686613398883
delta_0.1: 0.7472696021584369
delta_0.2: 0.9133476457043701
delta_0.4: 0.9817108531751917
outlier_0.15: 0.13305955850314316
