Final Metrics across all sequences:
epe3d_allo_image_all: 0.24619985936582084
epe3d_allo_pixel_all: 0.25122434638050317
epe3d_sf_allo_image_all: 0.19273963957838713
epe3d_sf_allo_pixel_all: 0.19667310205450697
num_valid_pixels: 36554.0
delta_0.05: 0.3900422752217617
delta_0.1: 0.7585100593496474
delta_0.2: 0.914845387892212
delta_0.4: 0.9840057326645966
outlier_0.15: 0.12532737210899517
